c 0 0 10 2
r -5 5 5 -5 1
t -7 -5 0 5 7 -5 5
c 0 0 11 2
r -6 6 6 -6 1
t -7 -5 0 5 7 -5 5
c 0 0 12 2
r -7 7 7 -7 1
t -7 -5 0 5 7 -5 5
c 0 0 13 2
r -8 8 8 -8 1
t -7 -5 0 5 7 -5 5
c 0 0 14 2
r -9 9 9 -9 1
t -7 -5 0 5 7 -5 5
c 0 0 15 2
r -10 10 10 -10 1
t -7 -5 0 5 7 -5 5
c 0 0 16 2
r -11 11 11 -11 1
t -7 -5 0 5 7 -5 5
c 0 0 17 2
r -12 12 12 -12 1
t -7 -5 0 5 7 -5 5
c 0 0 18 2
r -13 14 13 -13 1
t -7 -5 0 5 7 -5 5
c 0 0 19 2
r -14 14 14 -14 1
t -7 -5 0 5 7 -5 5
c 0 0 20 2
r -15 15 15 -15 1
t -7 -5 0 5 7 -5 5
c 0 0 21 2
r -16 16 16 -16 1
t -7 -5 0 5 7 -5 5
